[472, 480, 486]
[474, 482, 488]
[476, 484, 490]
[450, 460, 469]
[417, 429, 439]
[415, 427, 437]
[443, 453, 462]
[413, 425, 435]
[388, 411, 399]
[339, 352, 364]
[354, 379,366]
[343, 356, 368]
[319, 332, 345]
[383, 396, 407]
[409, 420, 432]
[336, 348, 361]
[321, 334, 347]
[241, 255, 268]
[239, 253, 266]
[237, 251, 264]
[276, 289, 303]
[274, 287, 301]
[299, 285, 312]
[324, 337, 349]
[243, 256, 270]
[204, 218, 231]
[162, 175, 189]
[206, 219, 233]
[194, 208, 221]
[169, 83, 196]
[159, 171, 185]
[173, 187, 200]
[111, 124, 136]
[98, 110, 122]
[96, 108, 120]
[106, 118, 131]
[142, 129, 154]
[115, 128, 140]
[126, 113, 138]
[37, 47, 56]
[48, 58, 68]
[50, 59, 70]
[42, 52, 61]
[26, 34, 44]
[36, 46, 55]
[5, 10, 17]
[3, 8, 15]
[7, 13, 21]
